83	 China	9 572 900	3 696 117	1 380 996 000	144	374	1 380 027 000	144	373	23/11/2016	R
30	 India	3 166 285	1 222 509	1 331 793 000	421	1 089	1 210 854 977	382	990	1/03/2011	D
178	 USA 9 161 074	3 537 110	325 318 000	36	92	324 984 000	35	92	23/11/2016	R
87	 Indonesia	1 910 931	737 815	260 238 000	136	353	258 705 000	135	351	2016	A
192	 Brazil	8 514 876	3 287 612	207 012 000	24	63	206 735 000	24	63	23/11/2016	R
54	 Pakistán	796 096	307 374	201 576 000	253	656	195 557 000	246	636	23/11/2016	R
66	 Nigeria	923 768	356 669	191 182 000	207	536	173 600 000	188	487	2013	E
12	 Bangladés	147 570	56 977	162 039 000	1 098	2 844	161 834 000	1097	2840	23/11/2016	R
223	 Russia	17 075 400	6 592 849	146 823 000	9	22	146 544 710	9	22	1/01/2016	A
40	 Japón 377 915	145 914	126 953 000	336	870	126 950 000	336	870	1/11/2016	M
152	 Mexico	1 967 138	759 516	122 916 000	62	162	122 273 473	62	161	1/07/2016	E
38	 Filipinas	300 076	115 860	103 456 000	345	893	103 921 000	346	897	23/11/2016	R
49	 Vietnam	331 212	127 882	93 201 000	281	729	92 700 000	280	725	2016	E